R109

VEHICLE
NUMBER     CAPACITY
  5         200

CUSTOMER
CUST NO.  XCOORD.   YCOORD.    DEMAND   READY TIME  DUE DATE   SERVICE TIME
    0      35        35          0          0        230          0
    1      41        49         10        161        171         10
    2      35        17          7         50         60         10
    3      55        45         13        116        126         10
    4      55        20         19        149        159         10
    5      15        30         26         34         44         10
    6      25        30          3         99        109         10
    7      20        50          5         81         91         10
    8      10        43          9         95        105         10
    9      55        60         16         97        107         10
   10      30        60         16        124        134         10
   11      20        65         12         67         77         10
   12      50        35         19         63         73         10
   13      30        25         23        159        169         10
   14      15        10         20         32         42         10
   15      30        50         18        127        137         10
   16      10        20          8        101        111         10
   17       5        30         19        149        159         10
   18      20        40          2         60         70         10
   19      15        60          1         18         28         10
   20      45        65         17        200        210         10
   21      45        20         18        108        118         10
   22      45        10         17        109        119         10
   23      55         5          3        141        151         10
   24      65        35         16         41         51         10
   25      65        20          6        157        167         10